<?xml version="1.0" encoding="UTF-8" standalone="no"?>
<!DOCTYPE svg PUBLIC "-//W3C//DTD SVG 20010904//EN"
              "http://www.w3.org/TR/2001/REC-SVG-20010904/DTD/svg10.dtd">

<svg xmlns="http://www.w3.org/2000/svg"
     width="0.777778in" height="0.819444in"
     viewBox="0 0 56 59">
  <path id="Unnamed"
        fill="none" stroke="black" stroke-width="1"
        d="M 13.82,6.00
           C 13.82,6.00 13.45,19.27 13.45,19.27
             13.45,19.27 5.64,19.09 5.64,19.09
             5.64,19.09 4.00,29.09 4.00,29.09
             4.00,29.09 6.00,39.64 6.00,39.64
             6.00,39.64 13.27,39.64 13.27,39.64
             13.27,39.64 14.00,52.55 14.00,52.55
             14.00,52.55 24.36,52.55 24.36,52.55
             24.36,52.55 20.73,48.00 20.73,48.00
             20.73,48.00 22.91,36.00 22.91,36.00
             22.91,36.00 50.73,28.73 50.73,28.73
             50.73,28.73 22.36,22.55 22.55,22.55
             22.73,22.55 20.73,9.09 20.73,9.09
             20.73,9.09 24.36,6.18 24.36,6.18
             24.36,6.18 13.82,6.00 13.82,6.00 Z" />
</svg>
